577725851
199128125
130480765
423340895
208265497
188643851
438634209
207412131
150558250
190385443
915853141
303132401
151914369
146527742
114727565
163932258
194744846
146253849
160895737
118380828
139558576
155983096
163288494
110682237
173978673
792309118
114280237
155902504
499737644
400342153
186849054
205981244
766423792
671674205
214626362
619472373
139142987
152296869
173216708
108986422
778459926
775158107
114316550
153387313
191666662
153072611
126893959
309815198
468333359
182595052
143796611
224128931
153604148
565782217
117392115
127094914
201305999
739587626
552130153
110023225
139562441
342163745
617561588
131095178
200274015
155757541
198325068
117325008
179806663
931939552
134320441
422428024
205083239
435411914
137515328
128571903
145402884
156465834
193295971
847623795
559617879
765627069
122409232
125877265
111384209
781623964
142660316
191252876
161616405
362382078
457029489
218393462
645848704
371434395
686364317
103036849
411397730
591446031
179477387
108997094
547313934
360863885
708369257
772551455
210906854
148666087
115845066
119097793
119175734
155675147
204489233
213029333
206382652
988304329
372587635
757509658
118916416
162069944
140614861
907685529
174049014
701889573
791840660
185788526
764182614
176805522
542803217
131416675
109858519
991407675
715082426
480000858
258924934
571440523
293194156
254080448
542735694
202865608
513536436
137514405
175168790
229390750
126343515
971546034
148908134
197497759
894915373
675052260
496367434
172917329
599346363
128964221
852931937
120651021
132451408
208706798
191203222
213574205
326885491
125245548
214011357
585470183
174671905
126155980
189903957
540858853
560777404
285048743
256774312
353289318
107032936
427454552
172031294
199088103
471359701
771208754
124342948
145263538
540871132
129398778
201862562
177692519
243834522
929833675
201715222
553313635
313704535
106307824
490132418
980014356
193069966
145790113
271114752
984811715
240224698
202099710
184605380
715228923
384193257
189044119
122374839
238186480
107987823
165354512
182551319
157677637
428451282
156456985
773913359
195244163
462055015
107986500
191240351
345240285
153947945
181296469
175627720
700750721
944244387
204539934
194139788
123823055
292791224
139955557
127915562
331381484
110358256
151458672
836330812
113758490
568075244
108079123
175770734
111738721
116030006
107427726
110234147
131592116
158556172
452211708
730127148
115051528
151953852
623474608
184558466
185503418
904484462
194981326
186653283
149168629
126079617
115928153
582636405
921290882
206096042
448105135
184424625
678640973
162605384
560707667
430808281
213285346
906260911
826917306
128750481
954808823
136331908
194837567
150028061
205452180
120745694
142867792
592938104
589810760
193618553
587546988
112250669
641891216
134055822
234717526
193345391
162134218
187168331
561758387
155655820
160835682
981351386
169740720
793381015
201511968
178407844
754747732
123465621
188694324
164934881
105977351
193847812
101696670
154813512
967402958
107523042
120012368
100736243
192533672
926539112
163071050
194062073
189131486
211467582
202837415
181009095
183339513
150061710
106228583
120115633
137182841
187441432
859283187
204093881
946117720
151683664
112878713
110946058
117072266
158442828
989817872
207534758
787974413
182514948
102849831
890665632
102917876
113546027
275589442
159490385
167853889
102464308
103981866
199613419
194716658
218851536
176538367
166694449
799914029
181810032
120717121
194833049
205293058
144652236
205248647
178375367
200942052
799201022
225419438
901538834
120405344
185284402
143964347
113552344
663968985
181134860
991938571
163188750
185805282
133522221
199678225
186529499
570051370
121136083
148173436
725162102
497916631
147102136
917636316
102839117
131680851
149017938
656914189
153454612
808347545
174326307
456059562
135904579
109830976
205687931
668008553
184070039
290519717
129063361
874259321
155214011
147512988
713901396
833673153
274520535
112619816
200038342
204566130
137395123
560979791
212524806
154213869
169468869
185306279
780761132
188185807
185221308
110636025
192466704
971856101
100871893
994147282
209427363
306599924
618171600
631426972
165403727
537356654
801485098
203628466
354640838
199400245
966923279
177491067
674835567
114677477
937493947
122200778
317206677
494613561
212928134
498548184
168795223
180432435
159527118
698394095
154686229
111730566
214681661
143360658
185107333
134662672
206018573
734993463
170983024
137034477
132068488
185089581
147857360
594588915
118113144
104111805
836293214
529739898
174312449
209328814
157313258
177465153
191317939
101248251
525357513
112713638
799845610
501075278
205058486
187519481
148150532
145859571
165589876
171568698
161820800
115799652
165175845
153702192
168800973
130468686
139566666
184580498
152565755
212602936
891560280
208033879
443571573
186132496
107034709
150175347
928469413
170180626
208912781
210110555
417289855
708198991
199130470
178965725
144111935
154101308
256806091
939679345
448465220
136344193
922985906
131871937
633951022
123685329
767926526
757931386
196965229
156159108
137071480
146764301
396224371
420668719
205739997
131544786
125899260
726742378
149175842
296793580
233281184
105782794
186180248
212111095
873715655
185680260
128599786
148060543
151121110
189243084
162877904
389169432
180822377
155749988
580837801
132279529
158683505
149155999
111258294
785934742
109185669
206045760
156818458
997939180
591603345
138952959
160089352
193243589
141607118
892591815
693594145
933014831
193202540
768784379
139052235
216737165
118926259
187175973
480157673
151611687
211656201
581660342
186757459
154548572
684790642
901472278
824445383
939843491
193149304
863284789
919664440
337795906
469449145
207828347
138295967
180693964
316737180
102796300
208532429
200200738
216151861
783326687
208199183
190514815
177545496
137978447
203945445
189850982
559957338
118970194
292907341
962751093
714698622
188314336
177309471
597973619
853356662
513911637
205539484
133639309
162072481
153269992
182408672
201262126
213093126
194213213
139554026
148972297
888510810
610682810
138138798
173767337
675605020
382076657
106495128
143443230
124682898
769143055
153777460
138340939
257533577
998852591
110973133
106707133
128996263
134071255
824653133
166257978
515693269
181424974
197559030
141978961
110474203
322440789
101241281
462310877
124095284
284365737
114388743
885814855
172002961
136164090
184017702
903116904
248212052
681516176
135212497
150537534
184866709
877385968
189062755
117743506
111466459
134157657
171374212
190874453
108570946
159292763
153369517
402208933
360379665
181307760
163440634
685581004
107409829
189049160
118487769
192982815
509505362
211103941
176074033
948232438
113238364
410953008
208651904
145818389
153990701
165347356
387124491
141102880
167738729
146712291
175307206
151678580
100273080
853700228
184642333
850445080
535297680
149758797
165545208
896080952
165344843
838380026
151806432
202835839
161750111
140280344
402483018
213761956
988348086
198261208
459901826
151564106
126414620
205560837
962837695
188776706
153193132
103927296
149031702
115771857
176923496
485884798
162474565
127534343
100727767
190675018
205630710
122218693
167454930
189607560
197263175
861591035
115149245
123613442
195947251
190693760
122649606
162065760
179413934
173330742
113076353
197117073
525887363
176341921
211966411
298624651
144491231
445032149
108919203
528436764
180430256
181408964
133376707
110625883
828502745
768825820
189291956
167231759
108230749
674407774
834073097
102173506
192996344
175752293
902357136
140741575
809518849
671681594
116364939
191609427
142229202
128708611
371591851
163139222
206220088
274122451
209937808
331889446
829936736
192767697
142604229
120699449
927695250
710643518
173969178
854046440
138615405
100162723
484401073
842852828
325161087
996361926
211768278
195335005
183830732
692679215
636747311
106055040
214311888
110100471
197886949
865261426
388690048
143976766
201178355
165339899
202352641
739562457
213675234
194412904
531204608
113171532
585289563
584116778
193006129
633739438
894584933
103011495
254751569
609436116
390479814
667019578
100373198
164219693
685086637
820722912
152857008
202675702
128583012
187842489
211602629
109884974
118491112
162338703
194134613
147719974
175147482
110750691
151389854
670879988
171367424
205020273
960264776
207731257
189880992
888143278
714319621
193323106
283845787
172890187
217329198
138356004
476515912
725003168
170018227
187576055
477722838
233154471
422137231
273450210
845999008
152871417
114321429
113850578
149306931
205236105
369702283
168916633
137022338
200487772
202506754
660188422
126319972
807860341
404824311
183388681
200168456
194921973
194177945
216508132
143818356
198383935
426704658
147067822
158095293
206403033
583522019
626260539
388592870
139048702
494232860
200149247
101185739
113322153
122148922
119680848
160369908
125263452
235176401
674872134
186012004
168212236
988709465
187217056
152035941
150574280
244973914
323346598
909949768
175103834
325981226
122362406
136514375
572453452
326282461
199713971
167220689
110832770
413380405
840487483
542173416
476974847
100565842
139209696
735555034
186931895
183881479
188815862
149730889
114370414
166626425
114105222
601197974
127540850
107213887
204566258
117827550
135531044
627155102
198694859
200271839
601181707
696625096
124006424
986188311
100833125
360103055
122680155
137923795
214233052
132666215
502484571
893151141
148952651
116622950
397829043
891794561
112105882
290222917
177324010
163918878
100256267
650604508
526756600
716746519
152002593
184095491
616138807
180741613
113212522
432987987
690005461
850223527
106797034
109082598
195699667
128170265
140940772
646127491
600960795
212301945
353451573
950178429
789466424
182064606
721704010
596363340
140035666
130778805
162422150
546604017
445449211
202452246
179559640
830357894
111235356
735378839
767756576
386905234
137098132
672535066
395021187
214070627
238710886
101609106
850363204
518698320
544702486
139720401
199593158
179804387
722208298
153645255
197556954
181394565
149609774
111155388
132570075
704686823
211666322
127865285
138653150
467524089
247453597
116701473
191970525
756700622
112827003
340223419
167611281
104143385
173962901
126211891
142568137
897253675
126063942
160350611
101729635
137798565
131698478
143515570
117623068
129231366
175432962
212211272
124871789
168865097
728325065
138122597
180338543
171163106
511923690
138862534
166793048
635293827
115923087
138983367
968867577
208563025
188158577
100669995
141954887
121071726
176884767
916097919
333616654
200530132
126995459
560369055
164196183
966354741
711735103
430743307
203047951
452489794
418210200
182260364
177577308
329962802
473696838
110167411
198920797
188260774
162879403
389132612
178496620
181877498
185992002
104238035
114497110
861108791
186738336
109901893
186985529
458822523
187150471
191419549
207634351
137023376
132063480
199742730
535357591
183713406
839582509
181275785
142022945
114645333
905901129
695076476
197987058
209453432
205188663
129503453
968162683
210482424
161982949
132074747
195861318
147195524
120091704
728932052
258386797
591721439
384447951
783426305
208884006
708554385
213315245
124993519
690221194
211720068
345469662
177487831
144213549
209797295
107953271
181941074
867832359
883432856
279838536
712067831
871084656
142620460
111282376
148767553
105651834
568843851
233717982
833252517
422998781
169164283
763035305
135817798
158123956
181205973
769773328
978502294
163191940
183405813
206309196
169628726
148264504
147965771
404455085
201117838
151245400
139028061
101037850
146042293
381148496
163429117
147847655
192066205
149739219
151066538
137544706
122624370
134368823
111002445
492346996
193141453
140795075
168778377
177031864
139611941
124861088
136346764
150758244
151617668
115506379
199306483
109612019
153051685
859314993
207609677
115648640
367363932
128431581
132496313
145170748
251143068
850785247
173482737
580350260
947940018
705909647
107280632
150928497
191514188
542164111
183586060
116722450
107435108
129865291
178248639
860329156
210059909
102958217
934615579
847394054
125653219
194433729
129716035
108752420
209829208
184897762
729071158
164605100
106235699
622552214
100888354
135154958
383365574
161408983
179169437
465496334
136490898
749772073
174160959
122759605
135773842
183849071
144136969
209733294
140394069
557476373
192433494
193741473
130997491
147012080
505923553
105919430
717585836
405881821
153403870
110746422
161567516
770673922
153020709
381772262
320051076
746059247
208704717
142277729
148660377
170360894
103623331
769684984
164774642
152352706
199830262
129615085
435836472
882011440
609774657
459410856
172504262
154250060
286873790
558353201
108848613
137370337
657773974
128693483
100304654
208092650
110035519
187767128
161879933
135845104
197609277
131735856
173753479
147586594
110406089
147132665
170875547
224721019
119891392
909684968
759976095
141432043
206734755
154654202
990982084
156032391
208368150
171882880
530537821
